Ефремова Анастасия
[0,1,0,1,1,0,1,0,1,0,1,0,1,1,1,0,1,0,1,1,0,1,0,0,1,1,0,1,1,1,1,0,0,0,1,0,1,0,1,1,1,0,0,0,1,0,1,1,0,1,1,0,1,1,0,0,1,0,1,0,0,0,1,0,1,1,0,0,0,1,0,1,0,1,0,1,0,0,1,1,0,1,0,1,0,1,1,0,0,1,0,1,1,0,0,1,0,1,1,0,0,1,0,1,0,1,1,1,0,0,0,1]
Олеся Щербакова
[1,0,0,1,0,1,0,1,0,0,0,1,0,1,0,1,0,0,0,0,1,1,1,0,1,0,1,1,1,0,1,0,1,0,1,0,0,0,0,1,0,1,0,1,0,1,0,1,0,1,1,1,1,0,1,0,1,0,0,0,1,1,1,0,1,0,1,0,1,1,0,1,0,1,0,1,0,0,1,0,1,0,1,0,1,0,1,0,1,0,1,0,1,0,1,0,0,1,1,1]
Вячеслав Ермаков
[1,0,1,0,0,0,1,0,0,1,1,1,0,1,1,0,0,1,1,1,0,0,0,1,0,1,0,1,0,1,1,0,0,1,1,1,0,1,0,0,0,1,0,0,1,0,0,0,1,0,0,1,0,1,1,1,0,1,0,1,0,1,0,0,0,0,0,1,0,1,0,1,0,1,0,0,1,0,1,0,1,0,0,1,1,1,0,1,1,0,0,0,1,0,1,0,1,0,1,0]
Костромин Денис
[1,0,0,1,1,0,0,1,0,1,1,1,0,0,1,0,1,1,0,1,0,1,1,0,1,1,0,0,1,0,1,0,1,1,1,0,0,1,1,0,0,1,1,1,1,0,0,1,0,1,0,0,1,1,0,1,0,1,1,0,0,1,0,1,0,0,1,1,1,0,0,1,1,1,0,0,1,0,1,0,0,1,0,0,0,1,1,0,1,0,1,1,0,1,0,1,0,0,1,0]
Виктория Коротаева
[0,0,1,0,1,1,1,0,0,1,0,1,0,1,0,0,1,1,0,1,0,1,1,1,1,1,0,1,0,0,0,1,0,1,0,1,1,0,1,0,1,0,0,0,0,1,0,1,1,0,1,1,0,1,0,1,1,1,1,0,0,1,0,0,0,1,0,0,0,0,0,1,0,1,0,1,1,0,0,0,1,0,1,0,1,0,0,1,1,1,0,1,1,0,1,0,0,1,0]
Марина Шипунова
[1,0,1,0,1,0,0,0,1,0,1,0,0,1,0,0,1,0,1,0,1,0,0,0,1,1,1,1,1,0,1,1,0,0,1,0,0,0,1,0,1,0,1,0,0,0,0,1,1,0,0,0,1,0,0,1,1,0,0,1,0,1,0,1,0,1,0,1,0,0,0,0,1,0,1,0,1,0,1,0,0,1,0,1,1,1,0,1,0,1,0,1,1,0,1,1,0,0,1,1,0,1,0,1,0,0,0,0,1,1,0,1,0,0,1,1,0,1,0,0,1,1,1,1,1,1,0,1,0,1,0,1,0,1,0,1,0,1,0,0,1,1,1,0,1,1,0,1,0,1,0,1,0,1,1,0,1,1,1,0,1,1,0,1,0,1,0,1,0,1,0,1,0,1,1,0,0,1,0,1,0,1,1,1,1,0,1,0,1,0,1,0,1,0,1,0,0,1,0,1,0,1,0,0,1,0,0,1,0,0,1,0,1,0,0,0,1,0,1,0,0,1,0,1,1,0,1,0,1,0,1,0,1,0,1,0,1,0,1,0,1,0,0,1,1,1,0,1,0,1,1,1,1,0,0,0,1,0,1,0,1,1,1,0,1,0,1,0,0,0,1,0,0,1,0,0,0,1,0,1,0,1,0,1,0,1,1,1,0,1,1,0,1,0,0,1,0,1,0,0,0,0,0,1,0,1,1,0,0,1,0,0,1,0,0,1,1,1,0,0,1,0,1,1,0,0,1,0,1,0,1,0,1,0,1,0,1,0,1,0,1,0,1,0,1,0,1,0,1,0,1,0,0,1,0,1,1,1,1,1,0,1,0,1,0,1,0,0,1,0,1,0,1,0,1,0,1,1,1,0,1,0,1,1,0,1,0,1,0,1,1,0,1,1,0,1,0,0,1,0,1,1,0,1,0,0,1,0,1,0,1,0,1,0,1,0,1,0,1,0,1,0,1,0,1,0,0,1,0,1,0,1,0,1,0,1,0,1,0,1,0,1,1,1,1,1,0,1,0,1,0,1,0,1,0,1,0,1,1,0,0,0,1,1,0,1,1,1,0,1,0,1,0,0,1,1,0,0,0,1,0,1,0,1,0,1,0,1,0,1,0,1,0,0,1,1,0,1,0,0,1,0,1,1,0,1,0,1,0,1,0,1,0,0,1,0,1,0,1,1,0,1,1,0,0,1,0,1,0,1,0,1,0,1,0,0,1,0,1,0,0,1,1,0,1,1,0,1,1,0,0,1,0,0,0,0,1,0,1,1,0,0,1,1,0,1,0,1,0,0,1,1,0,0,1,0,1,0,0,1,1,0,1,0,1,1,0,0,1,0,0,1,0,1,0,1,1,0,1,0,0,1,0,1,0,0,1,0,0,0,1,0,0,1,0,0,1,0,0,1,0,1,0,1,0,1,1,0,1,0,1,1,0,1,0,0,0,1,1,0,1,0,0,1,1,0,1,0,1,1,1,1,0,1,0,1,1,0,1,0,0,1,0,1,0,1,0,0,0,1,0,1,1,0,1,0,0,1,0,1,0,1,0,0,1,0,0,1,0,1,0,0,0,1,0,1,0,1,1,0,1,0,1,0,1,0,1,0,1,0,0,1,0,0,1,1,0,1,1,0,0,1,0,1,0,0,0,1,0,1,0,0,1,0,1,0,1,0,1,1,0,1,0,1,0,1,0,1,0,1,1,0,1,0,0,1,0,1,0,1,0,1,0,1,0,1,0,1,0,1,0,1,0,1,0,0,1,0,1,0,1,0,1,0,1,0,0,1,0,1,0,1,0,1,0,0,1,1,0,0,1,0,1,0,0,1,1,0,0,1,0,0,1,0,1,0,1,0,1,0,0,1,0,1,0,1,0,1,1,0,1,1,0,0,1,0,0,0,1,0,0,1,0,1,1,0,1,0,1,0,0,0,1,0,1,0,1,0,0,1,0,1,0,1,0,0,1,0,0,1,0,1,0,0,1,0,1,0,1,0,1,0,1,0,1,0,1,0,1,0,1,0,1,0,1,1,0,1,0,1,0,1,0,1,0,1,1,0,1,0,1,1,0,1,0,0,1,0,1,0,1,1,0,0,1,0,1,0,1,1,0,0,0,1,0,0,1,0,1,0,0,1,0,1,0,1,0,1,0,0,1,1,0,1,0,1,0,1,0,0,1,0,1,1,0,0,0,0,1,0,1,1,0,1,0,0,1,0,1,0,1,0,1,0,1,1,0,1,0,1,0,0,1,0,0,1,1,0,1,1,0]
Анастасия Чёрная
[0,1,0,0,0,1,0,1,0,1,0,1,0,1,0,0,0,1,0,1,1,0,0,0,1,1,0,0,1,0,1,0,1,0,0,0,1,0,1,0,0,1,0,0,0,1,0,1,0,0,1,0,1,1,0,1,0,0,1,0,0,0,1,0,1,1,1,0,0,0,1,0,1,1,0,0,0,1,0,1,0,0,1,1,1,0,0,0,1,0,1,0,1,1,0,1,0,1,0,1,0,0,1,0,1,1,0,1,1,1,1,1,0,1,0,0,0,1,0,1,0,0,1,0,1,0,1,1,1,0,1,1,0,1,0,0,1,0,1,1,0,1,0,1,1,1,0,0,1,1,0,1,0,1,0,1,1,1,0,1,0,1,0,1,1,1,0,1,0,1,0,1,1,1,0,0,1,0,1,1,0,1,0,1,0,0,1,1,0,1,1,0,1,0,1,1,1,0,1,1,1,1,0,1,1,1,0,1,1,1,0,1,1,0,0,0,0,1,1,0,1,1,1,0,1,0,1,0,0,1,0,1,0,1,0,1,0,1,0,1,0,1,0,1,0,0,1,0,1,0,1,0,0,1,1,1,1,1,0,1,0,1,0,1,0,1,0,1,1,0,1,0,1,1,0,1,1,0,1,0,0,1,0,1,1,1,1,1,1,0,0,0,1,0,1,0,1,0,0,0,1,0,1,0,1,1,1,0,0,1,0,1,1,0,1,0,0,1,0,0,1,0,0,1,0,0,1,0,1,0,1,0,1,0,1,0,1,0,1,0,1,1,1,0,0,0,1,0,1,0,1,0,1,0,0,0,1,0,1,0,1,0,0,1,0,0,1,0,1,0,0,0,1,1,0]